-1.081399459837337623e-01 -6.721846996999244483e-01 6.595068888946967745e-01 3.700752935591828940e-01
1.635874025381484298e+00 -6.941971694442524710e-01 5.240325618305489153e-01 1.161521688753617720e+00
-9.903657635298104278e-01 -2.946939898437420657e-01 -1.927255850224262046e+00 -1.713528481544533300e+00
7.945235352892795477e-01 -6.768387984839296934e-01 6.929770167576034812e-01 3.088398133299656567e-02
6.173971163224994951e-01 -6.051815344716698908e-01 6.069109736815571088e-01 9.549185032846062293e-02
-8.847711676073071185e-01 2.067998027144914430e-01 4.029025752790759696e-01 1.080761852509287690e+00
1.090869659329853691e+00 5.197044358515878759e-01 9.703009333359763344e-01 1.080761852509287690e+00
-8.847711676073071185e-01 -2.695454905088154884e-01 4.013087596665567136e-01 3.377713590614508932e-01
-4.589865066294707696e-01 -5.773144835704860922e-01 6.260367610317895126e-01 4.346831625546469513e-01
-1.115462232715563606e-01 -7.095882553544311522e-01 6.228491298067506676e-01 9.030902127717614913e-01
4.845523020974144557e-01 -1.752971587677737975e-01 5.367830867307042952e-01 -4.987585491133351978e-02
-4.623927839172935483e-01 -7.351386725023887347e-01 4.921562495801615200e-01 1.242281524997947750e+00
6.378347800494356123e-01 -6.539361843828057630e-01 6.467563639945418386e-01 -1.467876584045296195e-01
-4.112986245999530888e-01 5.334786789902048465e-01 -1.339137889204609744e+00 -1.584312743553605074e+00
-8.847711676073071185e-01 -1.234899726466245212e-01 4.299974406919052639e-01 5.154429987989770368e-01
-8.847711676073071185e-01 1.159497615835725776e-01 4.252159938543471629e-01 8.061784092785653222e-01
-9.631155452272289752e-01 -3.169607075221687192e-02 -1.983039396662440224e+00 -1.681224547046801243e+00
-7.485200760943995224e-01 -6.072529721339975373e-01 4.108716533416729155e-01 5.315949660478430649e-01
1.802781612484796403e+00 -5.378493814036062748e-01 7.997626627964025126e-01 4.831390643012450359e-01
3.669421566211630736e+00 1.479733903117025628e-01 4.252159938543471629e-01 5.154429987989770368e-01
-9.801469316663424802e-01 -3.411441455914057119e-01 -1.991008474725037170e+00 -1.826592252286595386e+00
-3.908609608730168605e-01 2.871817190812770426e-01 -1.214820271428097787e+00 -1.487400940060408905e+00
4.709271929461239514e-01 2.379779194751920901e+00 4.252159938543475515e-01 4.831390643012450359e-01
4.436769746435424988e-01 6.262320457107496408e-01 3.997149440540374576e-01 2.408595555682547795e-01
-9.971783181054559853e-01 9.236902371903062958e-01 -8.960571489242211696e-01 -1.600464710802470991e+00
-5.850187662789104737e-01 -7.989278308358945813e-01 4.172469157917502169e-01 9.676980817672254931e-01
5.594904024295138667e-01 -6.559937965769166990e-01 6.100986049065959538e-01 -4.987585491133351978e-02
-6.769882530501230011e-01 -1.292550425429979111e+00 5.288140086681073493e-01 -9.382340535989643904e-01
-9.699280998028743106e-01 -3.808968206309094606e-01 -1.965507424924727076e+00 -1.713528481544533300e+00
3.993953699018473191e-01 1.610423490567060911e+00 5.144696681554323803e-01 8.061784092785653222e-01
-9.222402177733566297e-01 2.051397341056582224e-01 -1.061813972626236779e+00 -1.406641103816078875e+00
-9.835532089541652034e-01 -2.681441674450535939e-01 -1.898567169198912996e+00 -1.681224547046801243e+00
1.816406721636086630e+00 -6.595538855337498285e-01 1.002177245586364007e+00 9.030902127717614913e-01
-1.081399459837335819e-01 -5.919572353659406927e-01 6.085047892940763647e-01 5.154429987989770368e-01
-9.699280998028743106e-01 -4.507945244232229309e-01 -1.967101240537246332e+00 -1.713528481544533300e+00
-8.847711676073071185e-01 9.525456639797934277e-02 4.044963908915952255e-01 6.123548022921732059e-01
-9.937720408176333731e-01 5.149036180175105004e-01 -1.785406260710036719e+00 -1.665072579797935104e+00
4.675209156583013392e-01 3.329004889730610373e+00 5.224387462180296593e-01 4.669870970523790077e-01
-3.057040286774497795e-01 -7.380262844170544234e-01 6.579130732821768524e-01 5.638989005455751213e-01
-9.120213859098885711e-01 -6.091389550266761432e-01 -1.358263676554842148e+00 -1.584312743553605074e+00
-9.835532089541649814e-01 3.296364950917163861e-01 -1.991008474725037392e+00 -1.632768645300203048e+00
-3.057040286774497795e-01 -7.380262844170544234e-01 6.579130732821768524e-01 5.638989005455751213e-01
2.869882194036985634e-01 1.173725061547018639e-01 4.475294124296187448e-01 1.762516865727907223e-01
-9.801469316663424802e-01 1.118755473113375976e+00 -1.860315594498447966e+00 -1.584312743553605074e+00
-1.081399459837337623e-01 -6.721846996999244483e-01 6.595068888946967745e-01 3.700752935591828940e-01
-2.341722056331732582e-01 1.743662732568434792e-01 4.220283626293083179e-01 2.247075883193887513e-01
7.979298125771019379e-01 -6.694738617790210178e-01 4.252159938543475515e-01 1.032305950762689495e+00
1.792562780621327567e+00 -7.410621652496808265e-01 8.427956843344253102e-01 4.023792280569149504e-01
-9.358653269246476336e-01 -7.109553830420506371e-01 4.029025752790756365e-01 1.924036538216567227e-01
4.062079244774927100e-01 1.901410804726420878e+00 4.634675685548126367e-01 3.862272608080489222e-01
4.096142017653152667e-01 6.631585825314785243e-01 4.985315120302392100e-01 2.731634900659868359e-01
1.792562780621328455e+00 -7.397369384321350605e-01 1.010146323648960509e+00 4.508351298035129795e-01
-1.081399459837335819e-01 -6.802152939964867251e-01 7.535420100333404259e-01 7.415705402831013204e-01
-1.490152734376061217e-01 -4.096348305263594058e-01 6.403811015444637045e-01 1.129217754255885664e+00
4.062079244774925435e-01 -1.488638654533520067e-01 5.017191432552773334e-01 3.088398133299656567e-02
-9.733343770906970338e-01 1.630398328313421852e-01 -1.589366940370152914e+00 -1.681224547046801243e+00
-2.920789195261589422e-01 1.474519990137802550e-01 3.965273128289982796e-01 4.703594858186257999e-02
-9.835532089541649814e-01 3.787824425032373932e-02 -1.992602290337556425e+00 -1.745832416042265356e+00
-9.699280998028745326e-01 -5.209854154632038714e-01 -1.967101240537246554e+00 -1.761984383291131273e+00
3.517074878723296383e-01 1.445006921586577953e+00 4.714366466174091941e-01 2.893154573148528086e-01
5.458652932782229739e-01 -5.728005796616340017e-01 6.037233424565185969e-01 1.924036538216567227e-01
-5.363950937857049628e-02 -3.834553800695151282e-01 4.969376964177196210e-01 8.869382455228954631e-01
6.889289393667761274e-01 -4.871692996664577779e-01 4.236221782418282955e-01 1.600997193239246941e-01
1.806187889772618682e+00 -6.807618991618474835e-01 8.013564784089217685e-01 5.315949660478430649e-01
-4.001440022727976997e-02 -2.267796858697944118e-01 4.188407314042694729e-01 5.315949660478430649e-01
-9.835532089541649814e-01 -7.156217747910096350e-01 -2.005352815237711805e+00 -1.761984383291131273e+00
1.847999007690175888e-01 -5.836261637754501796e-01 4.076840221166344036e-01 7.415705402831013204e-01
-9.801469316663424802e-01 -7.619964528488655520e-02 -1.896973353586393740e+00 -1.810440285037729247e+00
-2.920789195261591087e-01 2.320928980793184326e+00 3.965273128289982796e-01 5.315949660478430649e-01
-7.348949669431086296e-01 -6.518196041795928375e-01 3.885582347664013336e-01 3.700752935591828940e-01
-8.847711676073071185e-01 2.143131633470341246e-01 4.029025752790763026e-01 8.223303765274313504e-01
4.675209156583013392e-01 3.329004889730610373e+00 5.224387462180296593e-01 4.669870970523790077e-01
-3.320184565163440682e-02 -3.578928802229720540e-01 6.866017543075264573e-01 1.064609885260421551e+00
-2.988914741018041110e-01 -7.028865987416873518e-01 5.718470302061301469e-01 4.992910315501110641e-01
1.036369222724690564e+00 -6.949732171524634072e-01 8.061379252464798695e-01 2.408595555682547795e-01
-8.813648903194843953e-01 2.633356571264814927e-01 4.060902065041151476e-01 8.869382455228954631e-01
-6.020501527180236456e-01 1.524360072698228508e-03 -1.633993777520695190e+00 -1.535856841807007100e+00
1.036369222724690564e+00 -6.949732171524634072e-01 8.061379252464798695e-01 2.408595555682547795e-01
-1.592341053010739027e-01 -7.075518692748795635e-01 7.280409602330296659e-01 8.869382455228954631e-01
2.245597659901745757e+00 -3.922445870346091823e-01 4.268098094668664189e-01 4.508351298035129795e-01
-8.847711676073071185e-01 5.039580956693276992e-01 4.044963908915952255e-01 1.242281524997947750e+00
-9.835532089541652034e-01 -1.600393899708786871e-01 -1.739185607946974743e+00 -1.713528481544533300e+00
2.940478226617574631e+00 -5.420003251690368451e-01 5.925666331688828059e-01 8.707862782740294350e-01
1.882061780568403397e-01 -6.581417563808786841e-01 4.076840221166344036e-01 9.838500490160915213e-01
-1.115462232715563606e-01 -7.095882553544311522e-01 6.228491298067506676e-01 9.030902127717614913e-01
-7.485200760943995224e-01 -6.554183826800695778e-01 4.076840221166340705e-01 5.477469332967090931e-01
-5.271120523859246232e-01 -7.260808784826192630e-01 5.559088740809370321e-01 8.869382455228954631e-01
4.675209156583011727e-01 4.292790055809152960e+00 4.252159938543475515e-01 4.346831625546469513e-01
2.531724952078851398e+00 1.457076344412438162e+00 5.017191432552773334e-01 7.577225075319673486e-01
4.062079244774925435e-01 1.975836665985133189e+00 4.985315120302392100e-01 2.570115228171208077e-01
-9.835532089541652034e-01 -3.898638771273384984e-01 -2.005352815237711805e+00 -1.778136350539997190e+00
