-5.796683409012831634e-01 -7.300145787767572392e-01
-1.816834457611437470e+00 -6.062305325951383717e-01
2.738690928876291952e+00 -2.116150696184087021e-01
-8.276072525583608730e-01 -6.375889149862503658e-01
-7.287407870901337903e-01 -5.807653856800391035e-01
-4.907650565191501446e-01 5.711494719255266750e-02
-1.801933143641341495e+00 5.239301853552420507e-01
-2.940576393950163417e-02 -3.883098358955462404e-01
-4.305970243298584688e-01 -6.698467562274731391e-01
-8.802022345236621970e-01 -7.850677936019054837e-01
-5.376505314010417980e-01 -1.571404491620636001e-01
-8.362146613981799037e-01 -8.489659285280940493e-01
-6.149164876875500285e-01 -6.205810088991139395e-01
2.000519282527745357e+00 6.271215769002902451e-01
-1.579495752211649839e-01 -2.515250501318042065e-01
-3.357902614395614216e-01 -2.424043145195668367e-02
2.737401685677882224e+00 5.421185465639897366e-02
-2.149067122826141263e-01 -7.183357977768968228e-01
-1.657961765673978238e+00 -4.259773968335007210e-01
-2.349394008733840522e+00 4.544746191212259423e-01
2.843550843484718538e+00 -2.488576433011514544e-01
1.856612845448357252e+00 3.736652499707390773e-01
-8.206865702558562292e-01 2.365537631008851172e+00
-6.201666340614132578e-01 6.321047068012168868e-01
2.008568252340068749e+00 9.332365777553519592e-01
-5.615061314717862961e-01 -9.095207643911339401e-01
-6.133816656793749100e-01 -6.315745211511271107e-01
5.838437954493871374e-01 -1.344478337423645531e+00
2.754046987221170362e+00 -2.930253875717528933e-01
-1.029532332122830907e+00 1.577552878847818141e+00
1.967816858830601312e+00 2.293905055270478444e-01
2.697289911196018686e+00 -1.874679801218370190e-01
-2.046731531202522714e+00 -5.728765471519650099e-01
-6.375114405005767315e-01 -6.527518440707250624e-01
2.755978800701994302e+00 -3.623409817075393669e-01
-2.040531023092643503e-01 -3.640940041353335488e-02
2.610795499540016440e+00 5.819211001938880967e-01
-8.829126152510013981e-01 3.302719625877429621e+00
-6.011901684467785278e-01 -8.213956486294954340e-01
2.268621652414935408e+00 -5.543390006401279768e-01
2.717823769149791069e+00 4.097305582355326714e-01
-6.011901684467785278e-01 -8.213956486294954340e-01
-5.285896916311503269e-01 1.114006017911267077e-01
2.593935473466990160e+00 1.184234834135021952e+00
-5.796683409012837185e-01 -7.300145787767571282e-01
-2.922217769464160453e-01 1.177786938462026534e-01
-1.272997549270311612e+00 -6.513829109098097092e-01
-1.628037683887584519e+00 -6.282693309640192680e-01
8.887543035533662650e-02 -8.262379480246621055e-01
-7.480080249003718817e-01 1.885672667393876845e+00
-6.861168915398839774e-01 6.585492825737472300e-01
-1.762843317338033122e+00 -6.385114115651155942e-01
-8.656710090245750555e-01 -7.572230774208135173e-01
-1.015367162183030914e+00 -5.001925398095578013e-01
-5.276265521280876225e-01 -1.393377191409080340e-01
2.492307348261632249e+00 2.236355956476153151e-01
-1.394101822052203343e-01 9.356971086105524138e-02
2.791797685137034080e+00 1.242908015619235834e-01
2.786522750946922145e+00 -4.302476058253695834e-01
-6.615054010505049265e-01 1.430364162494714098e+00
-7.519770905082056034e-01 -5.588618600861852137e-01
-8.233946496782740265e-01 -4.477266407587866537e-01
-6.890070944960272614e-01 -4.484241961560074818e-01
-1.688310300412211529e+00 -5.694497656798888086e-01
-5.658114008670332984e-01 -2.731360014537063119e-01
2.819707933880240880e+00 -6.225948924377165961e-01
-7.905097642326720520e-01 -6.130740102749540066e-01
2.771055235140112316e+00 8.148241669658091643e-03
-4.644316063297609376e-01 2.233906701642173420e+00
-1.081446447990268289e-01 -7.540066846333211004e-01
-3.329454022764842258e-01 7.413895966951146443e-02
-8.829126152510013981e-01 3.302719625877429621e+00
-1.061338093821242889e+00 -4.380273296401123728e-01
-5.113635240578369157e-01 -7.784366421572629369e-01
-1.143138190545964328e+00 -6.468078523577612815e-01
-3.767196585735193004e-01 1.205678329673403604e-01
2.255064535481987154e+00 9.603303627758105754e-02
-1.143138190545964328e+00 -6.468078523577612815e-01
-9.135305798419386392e-01 -7.931529986656199460e-01
-1.618783334770877103e+00 -2.160255573174264532e-01
-5.944207612559548881e-01 3.461238540881876324e-01
2.615421744119080572e+00 -8.822419675677575790e-02
-2.311865160004536346e+00 -3.233965578498768090e-01
-9.392064750664381734e-01 -6.957074832837927270e-01
-8.802022345236621970e-01 -7.850677936019054837e-01
-2.221323681640007264e-01 -7.665758730901949258e-01
-6.281297193293903236e-01 -8.367402433248830596e-01
-8.148941478009057438e-01 4.266629051566001252e+00
-2.015645446644691141e+00 1.632029946861446756e+00
-6.920758907069378685e-01 1.962313360671374740e+00
2.825243102563541608e+00 -2.985187893501404233e-01
